100
2
0 1
0 2
3
2 2
0 0
4 4
1
1 1
5
0 5
0 1
1 1
4 7
5 6
10
1 8
1 7
5 12
0 1
17 18
9 15
8 15
5 12
5 13
10 15
6
4 5
8 9
0 1
3 7
2 6
10 11
10
4 10
14 15
1 12
2 3
8 16
10 17
9 13
5 6
0 19
6 17
4
0 1
0 4
0 7
0 2
4
0 4
0 4
0 1
0 7
9
0 11
2 9
4 14
7 17
5 8
1 6
3 15
12 16
10 13
9
8 9
6 14
16 17
11 15
3 3
0 2
1 2
9 13
4 10
6
1 2
9 11
2 4
8 9
0 7
2 4
3
0 1
0 5
0 2
4
4 5
1 4
0 1
5 7
2
1 3
0 3
9
1 15
11 12
13 16
1 9
14 17
5 7
0 3
1 6
8 8
9
6 10
14 14
16 17
5 7
2 10
8 10
8 14
1 2
0 2
7
1 3
2 5
12 12
0 9
3 11
3 3
8 9
2
0 0
3 3
6
3 6
10 11
2 4
0 1
8 9
5 7
1
0 2
3
3 4
2 5
0 1
7
765 1089
602 659
857 1753
1084 1790
171 204
350 1809
133 1933
5
6 6
0 4
1 4
5 6
2 2
5
0 2
0 1
0 3
0 4
0 9
1
0 1
9
0 10
5 10
8 10
4 5
1 3
8 10
10 10
2 5
8 17
1
0 1
4
0 3
0 6
0 6
3 6
1
0 2
4
679 948
393 485
60 81
846 1591
2
0 2
1 3
6
0 3
0 5
0 2
0 11
0 1
0 4
10
14 19
9 12
15 18
1 6
3 10
11 13
0 4
2 5
16 17
7 8
6
9 9
4 6
0 6
6 9
1 2
1 2
3
0 3
0 2
3 5
2
0 1
0 3
7
10 11
0 6
4 12
2 3
9 13
5 7
1 8
2
1 2
0 3
6
0 6
0 1
0 6
0 5
0 3
0 11
9
15 17
6 15
4 8
2 14
7 12
4 8
0 4
1 2
4 7
10
0 14
5 7
16 18
1 15
6 11
2 3
9 10
4 13
8 19
12 17
8
10 13
2 14
5 10
0 2
1 4
10 14
5 8
5 7
5
0 5
0 9
0 1
0 4
0 3
4
2 5
5 6
0 1
0 7
4
6 6
2 4
0 1
3 5
5
5 8
1 2
5 8
2 5
0 4
8
0 8
3 4
0 5
12 15
9 11
2 13
9 11
5 7
4
0 3
0 7
0 3
0 1
10
5 10
7 10
0 2
3 14
7 14
4 16
0 4
10 16
11 12
14 16
7
5 8
0 6
2 7
2 8
9 11
12 12
1 4
1
0 1
6
0 5
8 10
3 5
0 3
5 8
3 8
4
2 3
2 3
0 2
0 2
1
0 2
10
5 7
11 18
3 5
1 2
2 13
5 11
9 19
11 16
7 10
0 17
4
0 7
1 6
2 3
4 5
3
733 804
1708 1901
700 943
3
1 3
0 3
1 1
5
8 8
2 5
2 5
1 4
0 1
5
2 9
0 2
3 3
4 8
1 4
9
12 13
14 17
15 16
5 6
0 1
3 8
7 9
2 4
10 11
6
952 1983
388 1878
673 910
156 282
327 1662
913 1870
9
13 17
4 11
5 8
2 7
0 3
15 16
9 14
1 6
10 12
3
1 5
2 4
0 3
10
0 6
0 1
0 7
0 9
0 7
0 8
0 6
0 19
0 5
0 7
8
10 15
5 7
2 6
12 14
0 1
8 9
11 13
3 4
3
760 765
1590 1939
77 721
1
0 2
4
0 1
2 7
3 5
4 7
5
1 4
1 1
0 6
9 9
1 7
9
1 6
7 12
8 14
4 10
0 9
2 3
5 11
15 17
13 16
3
2 4
0 3
0 2
10
2001 2001
2001 2001
2001 2001
2001 2001
2001 2001
2001 2001
2001 2001
2001 2001
2001 2001
2001 2001
6
177 1370
1387 1944
281 550
54 773
282 976
878 1982
7
2 5
1 10
10 11
2 8
1 6
8 10
4 7
5
120 173
112 380
594 1144
458 510
1044 1710
1
76 159
6
0 0
0 0
0 0
0 0
0 0
0 0
10
6 9
0 2
7 17
10 11
14 19
13 18
3 5
1 4
8 16
12 15
8
8 12
0 13
2 4
6 7
3 5
9 11
1 10
14 15
8
18 560
450 960
137 533
1377 1506
1492 1794
714 1091
201 570
1017 1577
3
0 1
0 2
0 5
7
1 10
0 2
0 1
10 10
10 11
0 6
1 6
8
7 12
0 10
9 13
1 14
4 6
0 10
0 0
8 14
9
0 2
1 4
3 11
4 11
10 16
9 17
9 14
1 14
3 9
5
4 8
0 1
2 5
1 7
3 8
9
931 1483
134 1256
685 1999
169 644
797 1389
411 718
1037 1880
320 1423
56 83
2
2 2
0 1
7
0 12
1 4
3 11
9 10
5 13
7 8
2 6
3
0 0
4 5
0 4
1
0 0
3
0 0
0 6
0 0
1
0 1
3
4 4
1 4
0 0
5
6 9
7 8
3 4
0 0
3 4
9
0 9
0 17
0 9
0 6
0 1
0 7
0 5
0 4
0 9
5
3 4
5 8
6 7
0 9
1 2
4
0 1
4 5
3 5
3 5
6
379 589
313 1676
1267 1333
862 1454
1011 1055
1606 1691
