100
2
0 1
0 2
3
2 2
0 0
4 4
1
1 1
5
0 5
0 1
1 1
4 7
5 6
6
324 1594
332 577
923 1354
83 1306
125 1668
42 191
3
2 5
0 2
0 5
6
1258 1685
530 1476
1017 1310
25 44
873 1373
1460 1685
1
0 0
2
0 0
0 0
8
2 4
5 9
10 13
14 15
11 12
1 6
0 3
7 8
8
4 6
3 12
0 2
0 1
6 13
5 7
12 13
9 13
4
2 4
3 6
0 1
5 7
8
0 3
0 4
0 1
0 5
0 6
0 8
0 15
0 3
10
0 1
0 8
0 6
0 8
0 4
0 19
0 7
0 7
0 5
0 4
4
0 5
1 2
5 6
3 4
8
4 9
2 14
5 12
0 11
7 8
3 15
1 6
10 13
9
0 3
12 13
1 10
2 5
6 9
8 11
4 7
14 15
16 17
3
2 2
0 1
4 5
3
0 1
2 5
1 5
1
0 1
10
2 9
11 14
7 9
9 17
0 2
11 15
4 6
1 13
0 11
18 19
7
501 1501
39 41
10 81
592 1401
346 1280
181 319
112 157
10
11 19
0 3
1 5
8 12
0 6
7 8
7 12
3 18
16 16
13 13
7
2 9
0 2
2 9
2 4
0 9
4 11
9 10
3
1621 1755
409 1787
288 470
5
0 9
0 4
0 3
0 1
0 2
7
959 1144
752 1653
726 1053
99 165
323 1312
46 317
375 1421
8
1 2
5 9
0 4
12 13
11 14
6 6
4 13
6 9
1
0 0
7
0 6
0 3
0 5
0 1
0 3
0 13
0 2
10
0 7
3 4
12 17
6 11
10 15
5 19
13 18
1 14
2 9
8 16
5
0 3
3 7
7 8
0 5
0 5
7
8 12
1 4
2 3
0 9
6 10
11 13
5 7
7
0 5
0 7
0 4
0 4
0 2
0 13
0 1
6
0 2
4 11
0 10
2 4
5 8
6 9
2
1 1
1 1
3
0 1
0 5
0 2
1
0 2
1
0 1
1
767 1474
8
878 1139
162 164
145 600
14 73
356 614
751 1817
263 312
6 63
10
2 19
7 10
13 16
11 18
5 5
0 1
12 15
3 13
5 9
7 17
7
1 9
12 13
0 11
6 7
2 4
5 10
3 8
5
0 6
0 3
8 8
0 0
4 4
1
0 2
4
0 5
5 6
1 3
2 3
2
3 3
0 1
7
2 9
7 12
0 9
3 9
4 7
0 11
2 6
9
3 9
3 8
9 12
0 1
0 4
12 13
10 14
3 8
12 14
6
6 10
0 2
0 10
0 6
4 8
5 10
7
584 933
708 916
943 1696
6 26
952 1615
485 1011
1190 1872
4
0 0
1 3
3 6
2 6
7
5 12
11 13
0 10
3 6
1 2
4 7
8 9
2
0 3
0 3
1
0 0
4
0 2
0 1
0 3
0 7
4
120 177
204 333
14 43
281 1446
4
4 6
1 6
0 4
1 1
6
0 1
1 2
8 10
5 11
4 5
4 5
9
5 17
1 8
9 12
1 8
3 9
4 10
9 14
11 15
0 6
5
4 6
2 3
0 5
9 9
0 1
8
8 10
7 12
0 11
1 12
0 3
5 8
4 9
3 7
6
2 4
9 10
1 3
5 11
6 8
0 7
4
165 1070
297 447
1292 1320
111 1074
6
1 7
0 11
2 8
9 10
0 0
1 5
3
2 2
0 5
0 5
6
5 10
6 9
0 10
4 8
1 8
2 3
4
0 2
0 6
2 3
3 6
5
0 1
0 3
0 9
0 3
0 2
2
1 2
0 3
4
2 3
0 0
3 5
5 5
5
0 4
0 9
0 4
0 1
0 2
1
0 1
3
4 4
0 1
1 3
6
4 6
10 11
0 2
5 8
3 7
1 9
3
0 3
0 5
0 1
5
1 2
6 7
0 4
8 9
3 5
9
0 4
0 1
0 5
0 2
0 17
0 2
0 3
0 8
0 2
9
10 11
0 6
0 6
5 12
14 14
13 14
0 7
9 13
1 1
9
1 4
2 10
9 15
12 16
3 11
0 5
10 11
5 5
4 16
6
0 6
1 10
2 3
7 9
4 11
5 8
10
2001 2001
2001 2001
2001 2001
2001 2001
2001 2001
2001 2001
2001 2001
2001 2001
2001 2001
2001 2001
10
0 9
0 2
0 6
0 3
0 9
0 4
0 5
0 19
0 3
0 1
5
476 668
365 538
373 841
190 311
976 1571
5
1 6
2 5
3 7
9 9
0 1
6
0 11
0 1
0 6
0 4
0 6
0 2
3
2 4
3 5
0 1
4
6 7
0 1
2 5
3 4
6
0 4
8 10
5 9
6 11
2 3
1 7
10
15 17
15 19
0 1
4 5
6 14
1 6
9 9
10 16
7 9
3 14
2
0 3
0 1
5
0 2
1 9
4 6
3 4
8 8
8
0 12
4 7
2 10
5 8
13 13
10 13
1 3
2 10
1
0 0
2
0 1
1 1
10
0 1
3 18
5 17
2 10
9 13
7 14
6 12
11 15
4 8
16 19
5
1 6
6 8
1 6
0 4
2 4
5
0 4
0 4
0 1
0 9
0 2
2
0 1
1 4
5
5 8
4 9
1 7
2 6
0 3
