100
2
0 1
0 2
3
2 2
0 0
4 4
1
1 1
5
0 5
0 1
1 1
4 7
5 6
7
0 2
0 6
9 11
11 12
3 8
2 9
5 7
5
2 6
3 7
0 1
4 6
6 7
2
2 2
0 1
2
0 3
0 3
9
8 15
3 10
8 12
13 16
3 8
1 3
3 6
15 16
0 1
10
9 15
2 11
2 4
0 4
2 13
5 8
16 17
14 16
1 16
5 12
4
0 1
1 2
6 7
3 3
2
2 3
0 1
1
223 442
2
0 3
0 3
3
0 5
0 3
0 1
2
1 3
0 3
8
4 5
2 14
13 15
7 10
1 12
8 9
4 12
0 2
7
5 7
0 7
2 3
3 5
7 9
5 13
1 7
5
1 5
3 7
2 9
0 7
0 5
10
4 11
7 15
3 13
10 16
9 17
1 2
8 12
0 19
14 18
5 6
9
0 6
10 17
13 16
0 8
13 13
8 10
4 15
3 3
0 3
10
0 7
0 5
0 19
0 2
0 4
0 10
0 2
0 1
0 2
0 8
3
1 1
0 5
3 5
10
13 18
7 12
3 6
10 19
4 10
12 14
0 9
1 16
2 8
5 12
3
284 582
538 686
1263 1800
8
8 11
1 11
6 12
2 3
8 14
5 11
0 5
2 9
6
1 3
0 3
5 8
5 10
0 8
7 8
3
339 370
105 715
534 1303
5
1780 1868
1397 1578
133 773
306 1144
810 831
4
0 5
5 6
0 5
0 2
2
1 2
0 2
10
2 6
14 20
0 14
2 17
7 10
8 8
16 16
6 8
1 5
4 13
3
0 3
0 1
4 5
5
1 7
0 3
5 8
1 6
5 5
6
0 5
3 9
1 5
4 10
2 5
7 10
8
5 5
0 6
12 13
13 13
2 7
3 10
9 10
1 5
6
2 2
5 6
1 5
8 11
0 11
1 8
7
12 13
8 10
0 2
3 9
4 6
4 5
0 6
3
2 5
0 2
1 2
1
0 1
5
6 7
0 3
0 7
3 5
2 6
3
0 4
3 4
1 2
1
819 1355
9
15 16
2 5
0 8
5 5
8 10
1 14
0 13
11 16
5 10
1
0 1
2
0 3
0 1
5
465 546
9 12
62 74
18 42
831 927
2
238 326
632 896
2
0 1
0 3
6
3 9
7 11
0 0
6 7
0 3
0 8
3
912 1682
77 166
576 597
1
0 2
5
5 6
3 6
0 3
0 6
3 6
7
9 13
3 4
2 10
6 7
0 2
1 9
8 9
2
2 3
0 2
10
16 18
12 13
17 19
3 8
2 6
5 7
0 1
14 15
4 11
9 10
4
0 2
0 1
0 4
0 7
7
9 13
11 12
0 2
3 5
7 10
0 3
3 8
4
3 4
0 5
1 2
6 7
2
0 3
0 2
1
0 1
1
0 1
10
0 5
10 15
10 11
0 1
1 5
15 17
9 16
0 9
5 6
17 18
1
0 2
10
2001 2001
2001 2001
2001 2001
2001 2001
2001 2001
2001 2001
2001 2001
2001 2001
2001 2001
2001 2001
5
6 7
5 9
2 4
0 1
3 8
6
1 10
4 6
2 7
0 0
10 11
0 0
3
1 2
0 4
2 5
5
4 6
1 8
3 5
2 9
0 7
1
0 1
2
404 654
387 1614
8
2 5
0 13
0 13
9 11
8 13
4 7
0 6
7 10
1
0 1
10
3 8
5 15
2 13
3 18
3 16
0 16
6 11
7 11
1 11
11 12
6
0 1
0 11
0 4
0 6
0 2
0 5
8
3 12
4 11
9 10
0 4
4 8
2 3
14 14
0 10
4
0 7
1 1
0 5
4 7
10
4 7
1 12
4 7
15 18
9 15
0 5
10 12
1 5
16 17
9 12
9
0 2
0 9
0 3
0 17
0 2
0 1
0 2
0 9
0 4
2
2 3
0 0
9
0 0
0 0
0 0
0 0
0 0
0 0
0 0
0 0
0 0
8
4 11
0 4
15 15
4 9
0 3
6 9
0 1
11 12
1
0 2
8
0 5
0 6
0 7
0 1
0 6
0 15
0 7
0 5
2
0 0
0 2
5
1 5
3 6
0 9
2 4
7 8
6
0 1
3 8
10 10
1 8
1 3
2 5
1
1 1
4
129 1023
1032 1804
714 807
1773 1914
8
4 13
8 15
3 7
1 2
11 12
5 9
10 14
0 6
8
0 12
9 13
7 11
4 7
1 13
5 5
1 5
4 13
2
0 3
2 2
6
0 3
2 8
6 11
8 10
0 6
0 0
2
0 0
0 3
5
903 962
241 477
550 1320
39 125
219 1588
3
79 802
53 1170
672 1630
10
10 11
3 9
2 10
10 11
2 6
6 12
0 6
16 19
1 5
13 17
4
67 230
764 1125
249 793
68 1605
6
2 7
0 4
2 9
6 8
0 7
5 8
10
0 5
0 17
10 17
7 8
2 15
5 6
2 7
15 15
8 11
4 10
