100
12 5244 9082
17 1 3
9 -3 1
3 -1 1
4 0 0
7 7712 0
3 0 0
3 2 0
9 4 0
11 4 0
11 -3 1
11 -9718 0
1 0 2
3 0 0
5 -1 1
16 6 0
17 2 2
6 4 0
10 0 0
13 2 2
14 -2 0
10 -2 2
17 -6 0
18 -2 0
1 5 3
1 0 2
1 0 2
7 2 2
15 0 356
3 1 1
4 188 0
4 -1 1
7 -4 0
1 6797 1489
5 -2 0
12 0 0
19 1 1
5 0 9218
6 -2 2
18 9878 766
2 5742 0
13 0 4
19 0 0
5 0 2
14 0 0
2 0 2
16 -5 1
2 -2 0
20 0 0
19 -2 4
6 -2 0
20 3 3
20 0 0
16 1 1
7 -2 0
1 0 0
11 4 0
3 -1 1
11 -2 0
7 5370 4848
2 -2 0
13 0 0
11 -2 2
14 0 2492
3 2 0
4 8291 2471
6 9608 0
4 1 1
18 2 0
16 6 0
13 -4 0
7 2170 0
4 -1 1
9 1800 7668
9 4 0
6 0 2
3 952 3830
2 -8660 0
10 -1 3
5 0 4
5 0 4
18 6 0
19 0 4
6 -1 3
19 5795 9191
13 4 0
16 0 4
9 0 0
17 6 0
15 -1 3
18 0 0
13 -2 0
20 -5 1
6 0 2
5 0 2
12 4 0
13 -4 0
14 -1 3
10 0 4160
12 -4 0
