100
2 5767 3783
9 0 2
15 -2 2
5 0 0
20 3 3
15 -4 0
3 3554 0
20 -2 0
6 3 1
9 -5736 0
13 1036 0
12 0 2
17 0 0
16 0 0
19 -1 3
20 2 2
5 0 4
11 0 0
1 0 2
8 -1 3
19 -3 3
11 0 4
18 -1 1
6 0 0
2 2 0
18 2 0
5 0 2
3 4835 41
14 3256 6018
15 0 4
10 2 0
16 0 6398
15 0 6652
17 0 0
13 -2 0
7 -4 0
11 4 0
4 1 1
16 6 0
11 3 1
19 -6 0
13 -2 0
4 1 1
5 2 0
5 0 2
1 0 2
10 0 7478
4 -1 1
3 0 0
11 3 1
14 0 0
3 -2 0
5 2 0
6 0 4
1 0 0
12 0 2876
20 0 0
15 6 0
14 -1 3
4 9907 8793
10 -2 2
11 0 2
16 0 0
1 0 0
15 1 3
3 2 0
4 0 0
5 6150 8502
1 0 2
11 0 4
6 0 7646
2 2 0
2 2 0
20 -1 1
14 0 4
1 6 6
11 1 3
5 -4 0
12 3 1
7 0 4804
1 0 2
7 -4 0
15 0 4
3 -2 0
18 0 0
17 8345 4163
5 0 4
9 2 2
14 -2 0
10 -4 0
19 0 2
6 -2 2
6 1 1
11 4 0
6 -4 0
7 -2 0
1 0 2
13 -1 3
13 -4 0
3 1 1
