100
1 0 8494
6 -4 0
17 0 2
12 4480 0
1 2 0
11 2 0
3 3804 0
19 -4 2
3 2 0
14 0 0
3 2 0
5 4 0
12 2148 0
6 1582 0
4 0 2
19 5 1
4 -2 0
1 0 2
11 0 9816
17 -6 0
10 4 0
20 0 2
8 -4 0
14 -5854 0
20 0 0
16 7884 4704
16 0 0
11 0 2
10 -2 0
5 -1 1
7 0 0
15 1 3
14 0 0
14 2 0
5 2 0
20 6 0
5 1 1
1 3 3
13 1909 9529
9 4 0
11 -2 2
14 0 5400
19 -2 2
1 0 2
4 -1 1
6 -2 2
5 -2 0
18 -5 1
18 2 2
6 0 2
5 0 2
17 -2 0
19 2 0
7 6947 8389
16 -2 0
4 0 2
15 0 0
14 0 4
3 2 0
4 1 1
5 0 4
4 -1 1
14 2 2
1 -2 0
4 0 5474
1 0 2
12 -4 0
14 4 0
12 -1 3
10 -2 2
16 -6 0
11 0 4
10 1 1
18 2 0
13 0 0
12 0 0
20 9257 1557
17 -1 3
10 -3 1
9 3 1
9 0 0
17 6 0
12 -2 2
10 3 1
11 -3824 0
5 4894 1138
13 0 0
5 0 4
18 6 0
7 4 0
4 0 2
2 2665 5889
7 0 4
17 4 0
14 1 3
20 4 2
1 0 0
9 0 5130
16 0 0
3 0 9524
