100
13 1429 4073
11 4 0
19 8733 8519
5 0 4
18 0 0
12 -4 0
5 0 2
1 -1 1
19 1 1
17 0 0
14 -4 0
9 -2 0
11 -3 1
5 0 9988
1 -1 1
1 0 2
4 0 2
10 1 3
19 703 7673
12 0 2
10 1 1
12 0 3332
19 -2 2
13 0 0
3 3394 0
6 -2 0
17 -1 1
19 -3 3
11 0 0
12 2 2
7 -4 0
4 1 1
11 0 2
6 0 0
7 -2 0
19 2 0
16 -1 3
9 -8350 0
5 0 4
1 4202 532
2 -2 0
5 0 2
8 -4 0
6 1 1
12 1 3
18 -4 0
11 9889 1189
14 0 0
14 -1 3
2 3930 0
6 0 2
4 -1 1
15 0 0
6 -2 0
1 6 2
13 -4 0
10 -4 0
1 0 0
20 6 0
10 -4 0
12 4 0
1 0 0
17 6150 432
10 2 0
3 -2 0
11 -4 0
20 3 3
9 0 2
8 2890 3916
14 7484 3298
20 -4 2
16 2 0
19 3 3
19 -9404 0
2 3038 0
1 -6910 0
1 0 2
20 0 0
4 0 2
13 4 0
18 0 4
6 4 0
12 3 1
7 2 2
5 2 0
7 5022 6276
11 -3 1
1 0 0
9 2 2
16 0 0
3 2 0
20 0 2
9 4 0
4 0 0
10 1 3
17 0 0
3 0 2902
1 0 2
8 -4 0
8 3 1
